SCH_YR,DIV_NUM,DIV_NAME,B0AND10,B11AND15,B16AND20,OVER202010,1,Accomack County ,89.76%,5.34%,2.04%,2.86%2011,1,Accomack County ,92.25%,4.18%,1.48%,2.09%2012,1,Accomack County ,90.43%,5.24%,1.79%,2.54%2013,1,Accomack County ,91.85%,4.17%,1.47%,2.51%2014,1,Accomack County ,90.57%,5.28%,2.06%,2.08%2015,1,Accomack County ,89.49%,5.37%,2.05%,3.08%2010,2,Albemarle County ,94.12%,3.73%,1.14%,1.00%2011,2,Albemarle County ,94.33%,3.39%,1.04%,1.24%2012,2,Albemarle County ,93.96%,3.78%,1.14%,1.13%2013,2,Albemarle County ,94.88%,3.07%,1.01%,1.05%2014,2,Albemarle County ,94.42%,3.64%,1.02%,0.91%2015,2,Albemarle County ,94.51%,3.29%,1.09%,1.11%2010,3,Alleghany County ,86.20%,7.38%,2.74%,3.67%2011,3,Alleghany County ,87.44%,6.55%,2.06%,3.95%2012,3,Alleghany County ,87.30%,6.50%,2.81%,3.40%2013,3,Alleghany County ,87.78%,6.37%,2.57%,3.28%2014,3,Alleghany County ,86.02%,7.32%,2.51%,4.15%2015,3,Alleghany County ,85.50%,6.99%,3.33%,4.18%2010,4,Amelia County ,85.73%,7.06%,2.42%,4.79%2011,4,Amelia County ,85.08%,8.79%,2.82%,3.30%2012,4,Amelia County ,83.88%,8.74%,3.09%,4.29%2013,4,Amelia County ,84.44%,9.16%,2.44%,3.96%2014,4,Amelia County ,84.43%,9.17%,2.93%,3.47%2015,4,Amelia County ,84.43%,7.79%,3.73%,4.05%2010,5,Amherst County ,82.64%,9.25%,3.61%,4.50%2011,5,Amherst County ,84.58%,8.48%,3.24%,3.70%2012,5,Amherst County ,79.82%,10.43%,3.55%,6.20%2013,5,Amherst County ,86.16%,7.43%,2.84%,3.57%2014,5,Amherst County ,85.86%,7.61%,3.30%,3.23%2015,5,Amherst County ,79.66%,10.12%,4.38%,5.84%2010,6,Appomattox County ,85.03%,8.04%,3.32%,3.62%2011,6,Appomattox County ,86.20%,6.84%,3.29%,3.68%2012,6,Appomattox County ,87.84%,6.36%,3.29%,2.51%2013,6,Appomattox County ,88.48%,6.09%,2.44%,2.98%2014,6,Appomattox County ,88.80%,6.57%,1.95%,2.68%2015,6,Appomattox County ,90.24%,4.75%,1.99%,3.02%2010,7,Arlington County ,91.00%,4.81%,1.73%,2.46%2011,7,Arlington County ,92.51%,3.97%,1.43%,2.09%2012,7,Arlington County ,92.18%,4.58%,1.59%,1.65%2013,7,Arlington County ,94.74%,3.15%,0.89%,1.22%2014,7,Arlington County ,98.70%,0.49%,0.27%,0.55%2015,7,Arlington County ,93.57%,3.23%,1.37%,1.83%2010,8,Augusta County ,89.05%,6.12%,2.01%,2.82%2011,8,Augusta County ,90.15%,5.49%,1.97%,2.39%2012,8,Augusta County ,89.25%,6.29%,2.21%,2.26%2013,8,Augusta County ,89.49%,5.88%,2.17%,2.47%2014,8,Augusta County ,90.54%,5.39%,1.85%,2.21%2015,8,Augusta County ,90.02%,5.75%,1.93%,2.30%2010,9,Bath County ,90.38%,7.02%,0.76%,1.83%2011,9,Bath County ,92.92%,4.52%,1.20%,1.36%2012,9,Bath County ,90.68%,6.99%,1.24%,1.09%2013,9,Bath County ,88.14%,8.33%,2.24%,1.28%2014,9,Bath County ,86.14%,7.26%,3.30%,3.30%2015,9,Bath County ,86.09%,9.39%,1.91%,2.61%2010,10,Bedford County ,91.68%,4.60%,1.70%,2.01%2011,10,Bedford County ,87.01%,7.05%,2.52%,3.42%2012,10,Bedford County ,90.03%,5.71%,2.16%,2.10%2013,10,Bedford County ,92.22%,4.32%,1.52%,1.94%2014,10,Bedford County ,92.45%,4.23%,1.36%,1.96%2015,10,Bedford County ,92.36%,4.50%,1.46%,1.68%2010,11,Bland County ,85.27%,8.36%,2.82%,3.55%2011,11,Bland County ,85.60%,7.36%,3.52%,3.52%2012,11,Bland County ,87.34%,6.71%,2.71%,3.25%2013,11,Bland County ,89.69%,5.43%,2.66%,2.22%2014,11,Bland County ,83.04%,9.76%,3.48%,3.72%2015,11,Bland County ,85.32%,7.34%,3.37%,3.97%2010,12,Botetourt County ,92.66%,4.18%,1.55%,1.61%2011,12,Botetourt County ,92.84%,4.09%,1.46%,1.61%2012,12,Botetourt County ,93.53%,3.56%,1.21%,1.70%2013,12,Botetourt County ,94.69%,2.67%,1.19%,1.45%2014,12,Botetourt County ,95.02%,2.83%,1.08%,1.08%2015,12,Botetourt County ,93.67%,3.68%,1.15%,1.50%2010,13,Brunswick County ,78.03%,11.28%,4.71%,5.98%2011,13,Brunswick County ,76.66%,11.01%,5.08%,7.25%2012,13,Brunswick County ,77.12%,9.96%,5.56%,7.36%2013,13,Brunswick County ,84.04%,8.33%,3.82%,3.82%2014,13,Brunswick County ,75.13%,11.66%,4.93%,8.27%2015,13,Brunswick County ,78.68%,10.88%,4.39%,6.05%2010,14,Buchanan County ,83.34%,9.98%,4.07%,2.61%2011,14,Buchanan County ,81.46%,10.81%,4.16%,3.56%2012,14,Buchanan County ,83.88%,9.82%,3.55%,2.75%2013,14,Buchanan County ,86.30%,7.96%,3.02%,2.72%2014,14,Buchanan County ,82.30%,10.65%,3.60%,3.44%2015,14,Buchanan County ,79.91%,12.00%,4.37%,3.72%2010,15,Buckingham County ,83.88%,8.20%,3.62%,4.30%2011,15,Buckingham County ,84.05%,8.70%,3.45%,3.79%2012,15,Buckingham County ,86.02%,8.17%,2.93%,2.88%2013,15,Buckingham County ,86.64%,5.97%,3.60%,3.79%2014,15,Buckingham County ,84.58%,8.00%,3.38%,4.05%2015,15,Buckingham County ,75.18%,13.49%,5.93%,5.39%2010,16,Campbell County ,87.03%,7.28%,2.59%,3.11%2011,16,Campbell County ,87.99%,5.96%,2.63%,3.42%2012,16,Campbell County ,88.07%,6.33%,2.44%,3.15%2013,16,Campbell County ,90.44%,5.22%,1.84%,2.50%2014,16,Campbell County ,90.97%,4.94%,1.87%,2.23%2015,16,Campbell County ,90.75%,5.03%,1.79%,2.43%2010,17,Caroline County ,85.22%,7.56%,3.37%,3.86%2011,17,Caroline County ,87.30%,7.49%,2.98%,2.22%2012,17,Caroline County ,88.76%,6.38%,2.32%,2.54%2013,17,Caroline County ,86.57%,7.59%,2.41%,3.44%2014,17,Caroline County ,79.27%,11.78%,4.43%,4.52%2015,17,Caroline County ,80.61%,9.07%,4.68%,5.63%2010,18,Carroll County ,91.69%,4.87%,1.62%,1.82%2011,18,Carroll County ,90.28%,5.46%,1.78%,2.49%2012,18,Carroll County ,90.02%,5.54%,1.88%,2.55%2013,18,Carroll County ,91.58%,4.56%,1.63%,2.24%2014,18,Carroll County ,88.58%,6.12%,2.54%,2.76%2015,18,Carroll County ,90.47%,5.83%,1.84%,1.87%2010,19,Charles City County ,53.49%,2.67%,24.88%,18.95%2011,19,Charles City County ,93.89%,4.16%,1.22%,0.73%2012,19,Charles City County ,93.51%,3.90%,1.95%,0.65%2013,19,Charles City County ,91.08%,4.79%,1.86%,2.26%2014,19,Charles City County ,90.96%,6.07%,1.62%,1.35%2015,19,Charles City County ,89.05%,6.08%,2.70%,2.16%2010,20,Charlotte County ,88.23%,6.43%,2.84%,2.51%2011,20,Charlotte County ,89.01%,5.70%,2.69%,2.59%2012,20,Charlotte County ,89.77%,5.65%,1.90%,2.68%2013,20,Charlotte County ,85.81%,7.20%,3.16%,3.83%2014,20,Charlotte County ,82.09%,10.12%,3.19%,4.61%2015,20,Charlotte County ,85.69%,7.64%,2.27%,4.39%2010,21,Chesterfield County ,90.93%,4.42%,1.81%,2.84%2011,21,Chesterfield County ,90.98%,4.36%,1.84%,2.83%2012,21,Chesterfield County ,91.04%,4.45%,1.89%,2.62%2013,21,Chesterfield County ,91.88%,3.82%,1.75%,2.55%2014,21,Chesterfield County ,91.63%,4.29%,1.58%,2.50%2015,21,Chesterfield County ,96.22%,2.23%,0.72%,0.83%2010,22,Clarke County ,89.20%,7.23%,1.83%,1.74%2011,22,Clarke County ,89.58%,6.62%,1.74%,2.07%2012,22,Clarke County ,90.17%,5.38%,1.54%,2.90%2013,22,Clarke County ,91.31%,4.87%,1.15%,2.67%2014,22,Clarke County ,88.06%,7.36%,2.29%,2.29%2015,22,Clarke County ,87.84%,7.35%,2.55%,2.25%2010,23,Craig County ,91.96%,3.29%,1.71%,3.03%2011,23,Craig County ,92.82%,4.20%,1.22%,1.76%2012,23,Craig County ,92.71%,3.99%,1.51%,1.79%2013,23,Craig County ,81.05%,4.57%,2.28%,12.10%2014,23,Craig County ,86.62%,7.35%,2.06%,3.97%2015,23,Craig County ,87.58%,4.85%,2.27%,5.30%2010,24,Culpeper County ,88.35%,6.23%,2.32%,3.10%2011,24,Culpeper County ,89.17%,6.21%,2.12%,2.50%2012,24,Culpeper County ,89.97%,5.69%,1.91%,2.42%2013,24,Culpeper County ,90.22%,5.55%,1.76%,2.47%2014,24,Culpeper County ,88.41%,6.29%,2.14%,3.16%2015,24,Culpeper County ,88.79%,5.76%,2.07%,3.38%2010,25,Cumberland County ,83.05%,9.17%,3.69%,4.09%2011,25,Cumberland County ,77.67%,11.03%,4.66%,6.64%2012,25,Cumberland County ,81.72%,8.86%,4.22%,5.20%2013,25,Cumberland County ,82.36%,10.12%,3.09%,4.43%2014,25,Cumberland County ,85.32%,8.08%,2.53%,4.07%2015,25,Cumberland County ,82.64%,9.08%,2.83%,5.45%2010,26,Dickenson County ,76.45%,12.99%,6.13%,4.42%2011,26,Dickenson County ,79.39%,11.36%,4.44%,4.80%2012,26,Dickenson County ,74.12%,13.31%,5.85%,6.72%2013,26,Dickenson County ,77.74%,11.62%,4.69%,5.96%2014,26,Dickenson County ,75.67%,12.80%,5.91%,5.61%2015,26,Dickenson County ,73.16%,13.87%,6.22%,6.74%2010,27,Dinwiddie County ,86.37%,7.57%,3.07%,2.99%2011,27,Dinwiddie County ,87.65%,6.22%,3.03%,3.10%2012,27,Dinwiddie County ,85.77%,7.82%,2.75%,3.66%2013,27,Dinwiddie County ,85.83%,7.46%,3.01%,3.71%2014,27,Dinwiddie County ,85.05%,7.76%,2.85%,4.35%2015,27,Dinwiddie County ,85.95%,6.90%,3.00%,4.15%2010,28,Essex County ,88.12%,7.04%,2.39%,2.45%2011,28,Essex County ,90.78%,5.39%,1.68%,2.15%2012,28,Essex County ,88.85%,6.13%,2.04%,2.97%2013,28,Essex County ,88.64%,6.82%,2.21%,2.34%2014,28,Essex County ,86.84%,6.51%,3.10%,3.54%2015,28,Essex County ,87.39%,6.70%,2.85%,3.05%2010,29,Fairfax County ,91.26%,5.07%,1.69%,1.98%2011,29,Fairfax County ,91.97%,4.54%,1.50%,2.00%2012,29,Fairfax County ,91.24%,5.01%,1.64%,2.11%2013,29,Fairfax County ,91.89%,4.64%,1.49%,1.99%2014,29,Fairfax County ,91.15%,5.12%,1.52%,2.21%2015,29,Fairfax County ,90.45%,5.33%,1.73%,2.49%2010,30,Fauquier County ,92.19%,4.15%,1.55%,2.10%2011,30,Fauquier County ,92.65%,3.86%,1.29%,2.20%2012,30,Fauquier County ,92.79%,3.81%,1.36%,2.03%2013,30,Fauquier County ,93.05%,3.90%,1.21%,1.84%2014,30,Fauquier County ,93.59%,3.70%,1.17%,1.54%2015,30,Fauquier County ,94.05%,3.35%,1.11%,1.49%2010,31,Floyd County ,87.89%,6.06%,2.48%,3.58%2011,31,Floyd County ,90.17%,5.19%,2.11%,2.53%2012,31,Floyd County ,88.92%,6.84%,2.03%,2.22%2013,31,Floyd County ,88.19%,6.77%,2.73%,2.30%2014,31,Floyd County ,90.14%,5.00%,1.63%,3.22%2015,31,Floyd County ,88.50%,6.82%,1.86%,2.81%2010,32,Fluvanna County ,90.72%,5.41%,2.36%,1.51%2011,32,Fluvanna County ,89.48%,6.54%,1.89%,2.09%2012,32,Fluvanna County ,89.26%,5.62%,2.71%,2.42%2013,32,Fluvanna County ,89.31%,6.62%,1.99%,2.07%2014,32,Fluvanna County ,89.16%,6.48%,2.10%,2.26%2015,32,Fluvanna County ,88.84%,6.03%,2.42%,2.70%2010,33,Franklin County ,89.45%,6.03%,1.98%,2.55%2011,33,Franklin County ,89.53%,6.05%,1.77%,2.65%2012,33,Franklin County ,89.80%,5.70%,2.06%,2.44%2013,33,Franklin County ,91.82%,4.76%,1.60%,1.82%2014,33,Franklin County ,81.96%,10.12%,4.31%,3.61%2015,33,Franklin County ,80.81%,10.45%,4.20%,4.53%2010,34,Frederick County ,87.53%,6.74%,2.41%,3.32%2011,34,Frederick County ,87.66%,6.38%,2.62%,3.33%2012,34,Frederick County ,85.93%,7.95%,2.85%,3.27%2013,34,Frederick County ,87.94%,6.27%,2.77%,3.01%2014,34,Frederick County ,87.55%,6.77%,2.65%,3.02%2015,34,Frederick County ,87.48%,6.80%,2.70%,3.01%2010,35,Giles County ,82.56%,8.72%,4.00%,4.72%2011,35,Giles County ,85.66%,7.15%,2.62%,4.57%2012,35,Giles County ,86.07%,7.10%,3.26%,3.57%2013,35,Giles County ,86.12%,6.88%,2.94%,4.06%2014,35,Giles County ,84.30%,9.18%,2.77%,3.75%2015,35,Giles County ,86.39%,8.15%,2.73%,2.73%2010,36,Gloucester County ,88.87%,5.82%,2.15%,3.15%2011,36,Gloucester County ,86.20%,7.01%,2.88%,3.91%2012,36,Gloucester County ,85.11%,8.10%,2.44%,4.34%2013,36,Gloucester County ,87.17%,6.80%,2.56%,3.47%2014,36,Gloucester County ,85.96%,7.40%,3.01%,3.62%2015,36,Gloucester County ,86.57%,7.37%,2.73%,3.34%2010,37,Goochland County ,93.05%,3.77%,1.22%,1.96%2011,37,Goochland County ,91.05%,4.88%,1.87%,2.20%2012,37,Goochland County ,93.34%,3.64%,1.08%,1.94%2013,37,Goochland County ,92.84%,4.50%,1.17%,1.49%2014,37,Goochland County ,93.34%,4.03%,1.20%,1.44%2015,37,Goochland County ,91.63%,4.74%,1.60%,2.03%2010,38,Grayson County ,86.33%,6.91%,2.47%,4.29%2011,38,Grayson County ,86.61%,8.06%,2.58%,2.74%2012,38,Grayson County ,85.12%,8.43%,2.03%,4.42%2013,38,Grayson County ,88.24%,6.27%,3.00%,2.48%2014,38,Grayson County ,71.28%,14.60%,5.94%,8.17%2015,38,Grayson County ,85.21%,7.76%,3.12%,3.91%2010,39,Greene County ,90.37%,5.46%,1.83%,2.33%2011,39,Greene County ,92.75%,4.55%,1.59%,1.10%2012,39,Greene County ,92.44%,4.47%,1.45%,1.64%2013,39,Greene County ,93.96%,4.27%,0.76%,1.01%2014,39,Greene County ,91.37%,4.98%,1.49%,2.17%2015,39,Greene County ,86.00%,7.72%,2.87%,3.42%2010,40,Greensville County ,77.50%,10.37%,4.47%,7.66%2011,40,Greensville County ,79.57%,8.93%,4.83%,6.67%2012,40,Greensville County ,78.64%,10.33%,4.29%,6.74%2013,40,Greensville County ,86.46%,5.84%,3.74%,3.97%2014,40,Greensville County ,76.13%,11.31%,5.01%,7.55%2015,40,Greensville County ,71.66%,12.74%,6.18%,9.42%2010,41,Halifax County ,85.96%,7.11%,2.73%,4.19%2011,41,Halifax County ,85.47%,7.13%,3.19%,4.22%2012,41,Halifax County ,83.75%,8.35%,3.30%,4.60%2013,41,Halifax County ,88.82%,5.61%,2.60%,2.96%2014,41,Halifax County ,89.55%,5.53%,2.36%,2.56%2015,41,Halifax County ,88.77%,6.14%,2.46%,2.63%2010,42,Hanover County ,96.47%,2.16%,0.61%,0.76%2011,42,Hanover County ,95.70%,2.26%,0.83%,1.20%2012,42,Hanover County ,95.90%,2.15%,0.92%,1.04%2013,42,Hanover County ,95.56%,2.41%,0.62%,1.40%2014,42,Hanover County ,95.51%,2.67%,0.67%,1.16%2015,42,Hanover County ,95.18%,2.38%,0.93%,1.50%2010,43,Henrico County ,91.51%,4.51%,1.76%,2.22%2011,43,Henrico County ,91.47%,4.52%,1.77%,2.24%2012,43,Henrico County ,92.50%,4.25%,1.62%,1.64%2013,43,Henrico County ,93.12%,3.94%,1.33%,1.60%2014,43,Henrico County ,91.22%,5.01%,1.64%,2.13%2015,43,Henrico County ,90.95%,4.77%,1.89%,2.39%2010,44,Henry County ,88.79%,6.15%,2.33%,2.73%2011,44,Henry County ,89.88%,5.52%,2.13%,2.47%2012,44,Henry County ,88.38%,6.39%,2.39%,2.84%2013,44,Henry County ,89.84%,5.48%,1.96%,2.73%2014,44,Henry County ,88.43%,6.11%,2.54%,2.92%2015,44,Henry County ,88.51%,6.12%,2.39%,2.98%2010,45,Highland County ,86.50%,10.13%,2.53%,0.84%2011,45,Highland County ,86.41%,9.22%,2.43%,1.94%2012,45,Highland County ,85.15%,9.41%,2.48%,2.97%2013,45,Highland County ,83.66%,7.43%,4.46%,4.46%2014,45,Highland County ,84.02%,9.28%,2.58%,4.12%2015,45,Highland County ,72.20%,16.10%,7.32%,4.39%2010,46,Isle of Wight County ,91.14%,4.24%,1.80%,2.82%2011,46,Isle of Wight County ,91.75%,4.26%,1.35%,2.64%2012,46,Isle of Wight County ,94.69%,3.47%,1.03%,0.80%2013,46,Isle of Wight County ,92.30%,3.77%,1.46%,2.47%2014,46,Isle of Wight County ,92.26%,4.44%,1.58%,1.72%2015,46,Isle of Wight County ,92.00%,4.47%,1.55%,1.97%2010,48,King George County ,85.43%,8.46%,3.13%,2.97%2011,48,King George County ,87.39%,7.36%,2.80%,2.44%2012,48,King George County ,84.78%,8.54%,3.10%,3.58%2013,48,King George County ,87.33%,6.80%,3.04%,2.84%2014,48,King George County ,86.37%,7.92%,2.80%,2.91%2015,48,King George County ,86.08%,7.82%,2.74%,3.36%2010,49,King and Queen County ,80.37%,10.74%,3.46%,5.43%2011,49,King and Queen County ,81.02%,9.49%,3.89%,5.60%2012,49,King and Queen County ,84.10%,8.50%,3.81%,3.59%2013,49,King and Queen County ,85.17%,7.53%,3.26%,4.04%2014,49,King and Queen County ,84.62%,8.02%,3.08%,4.29%2015,49,King and Queen County ,84.44%,7.73%,3.53%,4.30%2010,50,King William County ,90.02%,6.46%,1.67%,1.85%2011,50,King William County ,90.14%,5.35%,1.68%,2.83%2012,50,King William County ,89.28%,6.72%,2.07%,1.93%2013,50,King William County ,86.44%,8.81%,2.40%,2.35%2014,50,King William County ,85.39%,9.06%,2.69%,2.86%2015,50,King William County ,86.75%,7.48%,2.45%,3.31%2010,51,Lancaster County ,90.11%,6.89%,1.35%,1.65%2011,51,Lancaster County ,88.49%,6.72%,2.78%,2.01%2012,51,Lancaster County ,86.10%,8.57%,2.47%,2.86%2013,51,Lancaster County ,86.37%,7.58%,3.63%,2.42%2014,51,Lancaster County ,85.24%,8.99%,2.46%,3.31%2015,51,Lancaster County ,79.25%,10.96%,4.60%,5.19%2010,52,Lee County ,79.87%,11.03%,4.37%,4.73%2011,52,Lee County ,76.38%,13.44%,4.70%,5.48%2012,52,Lee County ,79.19%,11.86%,4.03%,4.93%2013,52,Lee County ,80.12%,11.03%,4.43%,4.43%2014,52,Lee County ,81.56%,10.34%,3.56%,4.54%2015,52,Lee County ,80.26%,9.64%,4.33%,5.77%2010,53,Loudoun County ,94.39%,3.38%,1.16%,1.07%2011,53,Loudoun County ,94.04%,3.74%,1.11%,1.11%2012,53,Loudoun County ,94.14%,3.81%,1.07%,0.97%2013,53,Loudoun County ,94.62%,3.42%,0.97%,0.99%2014,53,Loudoun County ,94.63%,3.40%,1.04%,0.93%2015,53,Loudoun County ,93.03%,4.51%,1.22%,1.23%2010,54,Louisa County ,90.09%,5.24%,2.20%,2.47%2011,54,Louisa County ,88.33%,5.87%,2.09%,3.71%2012,54,Louisa County ,87.44%,6.87%,2.47%,3.23%2013,54,Louisa County ,98.00%,0.66%,0.32%,1.02%2014,54,Louisa County ,90.18%,5.06%,2.21%,2.55%2015,54,Louisa County ,88.13%,5.73%,2.50%,3.64%2010,55,Lunenburg County ,80.60%,9.82%,4.12%,5.47%2011,55,Lunenburg County ,81.83%,9.90%,4.31%,3.95%2012,55,Lunenburg County ,82.08%,9.39%,3.83%,4.70%2013,55,Lunenburg County ,85.74%,8.57%,2.39%,3.30%2014,55,Lunenburg County ,85.46%,8.31%,2.44%,3.79%2015,55,Lunenburg County ,82.75%,8.81%,3.69%,4.75%2010,56,Madison County ,90.15%,6.02%,2.02%,1.81%2011,56,Madison County ,92.65%,3.99%,1.84%,1.52%2012,56,Madison County ,90.56%,5.32%,2.24%,1.88%2013,56,Madison County ,90.58%,5.97%,1.62%,1.83%2014,56,Madison County ,91.13%,5.32%,1.88%,1.67%2015,56,Madison County ,91.87%,4.86%,1.64%,1.64%2010,57,Mathews County ,92.02%,3.95%,1.82%,2.21%2011,57,Mathews County ,88.87%,5.52%,2.52%,3.09%2012,57,Mathews County ,88.22%,6.63%,2.78%,2.37%2013,57,Mathews County ,88.34%,5.87%,1.93%,3.86%2014,57,Mathews County ,86.92%,7.44%,2.65%,2.99%2015,57,Mathews County ,89.73%,6.19%,1.77%,2.30%2010,58,Mecklenburg County ,86.68%,7.83%,2.59%,2.90%2011,58,Mecklenburg County ,85.80%,8.26%,2.66%,3.28%2012,58,Mecklenburg County ,83.73%,9.23%,3.84%,3.20%2013,58,Mecklenburg County ,85.78%,8.19%,2.92%,3.11%2014,58,Mecklenburg County ,83.93%,9.75%,2.98%,3.34%2015,58,Mecklenburg County ,85.33%,8.31%,3.53%,2.83%2010,59,Middlesex County ,85.71%,8.43%,2.89%,2.97%2011,59,Middlesex County ,86.73%,7.75%,2.56%,2.96%2012,59,Middlesex County ,84.62%,8.72%,2.80%,3.87%2013,59,Middlesex County ,86.56%,6.96%,3.04%,3.44%2014,59,Middlesex County ,87.33%,6.45%,3.46%,2.75%2015,59,Middlesex County ,84.69%,8.52%,3.67%,3.13%2010,60,Montgomery County ,85.89%,6.71%,2.74%,4.66%2011,60,Montgomery County ,87.00%,6.19%,2.64%,4.17%2012,60,Montgomery County ,86.74%,6.66%,2.78%,3.82%2013,60,Montgomery County ,90.23%,4.73%,1.72%,3.32%2014,60,Montgomery County ,90.57%,4.61%,1.97%,2.85%2015,60,Montgomery County ,88.87%,5.65%,2.17%,3.31%2010,62,Nelson County ,87.66%,6.37%,2.94%,3.04%2011,62,Nelson County ,88.61%,6.31%,2.40%,2.69%2012,62,Nelson County ,85.51%,7.86%,2.46%,4.17%2013,62,Nelson County ,88.31%,6.46%,2.12%,3.11%2014,62,Nelson County ,90.14%,5.44%,2.39%,2.03%2015,62,Nelson County ,87.82%,7.38%,2.08%,2.72%2010,63,New Kent County ,89.36%,5.51%,2.38%,2.75%2011,63,New Kent County ,90.25%,4.56%,2.20%,3.00%2012,63,New Kent County ,90.41%,5.01%,2.00%,2.59%2013,63,New Kent County ,92.33%,4.03%,1.69%,1.95%2014,63,New Kent County ,91.39%,5.11%,2.06%,1.45%2015,63,New Kent County ,90.30%,5.73%,1.56%,2.42%2010,65,Northampton County ,85.21%,6.95%,3.06%,4.78%2011,65,Northampton County ,82.79%,8.19%,3.15%,5.87%2012,65,Northampton County ,81.66%,9.52%,4.09%,4.73%2013,65,Northampton County ,81.16%,7.78%,4.21%,6.85%2014,65,Northampton County ,78.18%,9.00%,5.25%,7.57%2015,65,Northampton County ,80.46%,10.68%,3.54%,5.31%2010,66,Northumberland County ,87.42%,8.19%,2.57%,1.83%2011,66,Northumberland County ,88.33%,7.30%,2.46%,1.91%2012,66,Northumberland County ,88.59%,7.04%,2.66%,1.71%2013,66,Northumberland County ,89.96%,5.87%,1.27%,2.90%2014,66,Northumberland County ,84.36%,9.93%,2.93%,2.79%2015,66,Northumberland County ,83.51%,8.92%,3.64%,3.94%2010,67,Nottoway County ,82.56%,9.44%,3.56%,4.45%2011,67,Nottoway County ,83.38%,8.53%,3.03%,5.07%2012,67,Nottoway County ,81.61%,9.93%,4.19%,4.27%2013,67,Nottoway County ,81.25%,9.68%,4.34%,4.73%2014,67,Nottoway County ,83.22%,8.96%,3.65%,4.17%2015,67,Nottoway County ,82.23%,8.71%,3.35%,5.71%2010,68,Orange County ,85.58%,7.85%,2.72%,3.84%2011,68,Orange County ,85.80%,7.64%,2.34%,4.22%2012,68,Orange County ,84.34%,9.24%,3.03%,3.39%2013,68,Orange County ,86.62%,7.47%,2.94%,2.98%2014,68,Orange County ,86.07%,7.79%,2.80%,3.35%2015,68,Orange County ,86.44%,7.82%,2.75%,3.00%2010,69,Page County ,83.21%,9.78%,3.72%,3.29%2011,69,Page County ,86.05%,8.40%,2.88%,2.67%2012,69,Page County ,84.98%,8.24%,3.43%,3.35%2013,69,Page County ,87.80%,7.69%,2.44%,2.07%2014,69,Page County ,89.10%,6.93%,1.85%,2.11%2015,69,Page County ,86.94%,8.32%,2.28%,2.45%2010,70,Patrick County ,85.06%,9.00%,2.91%,3.03%2011,70,Patrick County ,83.70%,9.13%,3.02%,4.15%2012,70,Patrick County ,84.04%,10.01%,2.37%,3.59%2013,70,Patrick County ,89.03%,6.00%,1.72%,3.24%2014,70,Patrick County ,89.22%,5.98%,2.14%,2.67%2015,70,Patrick County ,87.99%,6.73%,2.18%,3.11%2010,71,Pittsylvania County ,87.61%,6.80%,2.59%,3.00%2011,71,Pittsylvania County ,88.22%,6.50%,2.42%,2.86%2012,71,Pittsylvania County ,87.43%,7.15%,2.61%,2.80%2013,71,Pittsylvania County ,87.42%,7.30%,2.57%,2.72%2014,71,Pittsylvania County ,87.78%,6.41%,2.91%,2.89%2015,71,Pittsylvania County ,87.95%,6.01%,2.65%,3.40%2010,72,Powhatan County ,89.41%,6.19%,2.19%,2.21%2011,72,Powhatan County ,90.13%,6.22%,1.88%,1.77%2012,72,Powhatan County ,90.27%,5.42%,2.09%,2.22%2013,72,Powhatan County ,91.62%,5.51%,1.31%,1.56%2014,72,Powhatan County ,91.78%,5.44%,1.44%,1.35%2015,72,Powhatan County ,90.52%,6.37%,1.65%,1.47%2010,73,Prince Edward County ,83.57%,7.67%,3.49%,5.27%2011,73,Prince Edward County ,85.11%,6.87%,3.15%,4.87%2012,73,Prince Edward County ,83.59%,8.46%,3.76%,4.19%2013,73,Prince Edward County ,84.14%,7.84%,3.41%,4.61%2014,73,Prince Edward County ,82.73%,8.39%,4.06%,4.82%2015,73,Prince Edward County ,82.35%,8.83%,3.76%,5.07%2010,74,Prince George County ,89.28%,6.15%,2.03%,2.54%2011,74,Prince George County ,90.98%,4.46%,2.30%,2.26%2012,74,Prince George County ,90.20%,5.40%,1.86%,2.54%2013,74,Prince George County ,90.59%,5.26%,1.87%,2.29%2014,74,Prince George County ,89.31%,5.82%,2.10%,2.77%2015,74,Prince George County ,87.80%,6.56%,2.43%,3.21%2010,75,Prince William County ,88.16%,6.24%,2.31%,3.29%2011,75,Prince William County ,88.49%,5.72%,2.31%,3.49%2012,75,Prince William County ,87.20%,6.55%,2.56%,3.69%2013,75,Prince William County ,88.57%,5.48%,2.44%,3.51%2014,75,Prince William County ,87.66%,6.07%,2.59%,3.68%2015,75,Prince William County ,87.39%,6.62%,2.44%,3.56%2010,77,Pulaski County ,85.83%,6.53%,3.39%,4.24%2011,77,Pulaski County ,88.70%,5.33%,2.54%,3.43%2012,77,Pulaski County ,87.09%,6.37%,3.07%,3.48%2013,77,Pulaski County ,87.73%,7.21%,2.56%,2.50%2014,77,Pulaski County ,88.47%,6.06%,2.69%,2.78%2015,77,Pulaski County ,87.35%,7.22%,2.79%,2.64%2010,78,Rappahannock County ,81.70%,10.13%,4.45%,3.72%2011,78,Rappahannock County ,86.12%,7.31%,3.76%,2.82%2012,78,Rappahannock County ,82.01%,9.46%,4.01%,4.52%2013,78,Rappahannock County ,83.09%,10.23%,3.34%,3.34%2014,78,Rappahannock County ,66.70%,15.69%,6.47%,11.13%2015,78,Rappahannock County ,68.46%,14.40%,6.37%,10.77%2010,79,Richmond County ,88.67%,6.80%,1.64%,2.89%2011,79,Richmond County ,94.20%,3.84%,1.06%,0.90%2012,79,Richmond County ,89.94%,5.81%,2.21%,2.04%2013,79,Richmond County ,91.21%,5.75%,1.87%,1.17%2014,79,Richmond County ,91.56%,5.79%,1.72%,0.94%2015,79,Richmond County ,90.59%,5.51%,1.84%,2.07%2010,80,Roanoke County ,92.26%,4.43%,1.57%,1.73%2011,80,Roanoke County ,92.80%,4.03%,1.40%,1.77%2012,80,Roanoke County ,91.54%,4.77%,1.61%,2.09%2013,80,Roanoke County ,92.42%,4.12%,1.70%,1.76%2014,80,Roanoke County ,92.39%,4.33%,1.54%,1.75%2015,80,Roanoke County ,93.90%,3.35%,1.25%,1.50%2010,81,Rockbridge County ,75.03%,13.63%,4.73%,6.61%2011,81,Rockbridge County ,86.58%,7.40%,2.03%,3.99%2012,81,Rockbridge County ,82.04%,9.71%,3.65%,4.59%2013,81,Rockbridge County ,83.62%,9.15%,2.97%,4.26%2014,81,Rockbridge County ,81.41%,9.34%,4.03%,5.21%2015,81,Rockbridge County ,81.99%,9.55%,3.03%,5.44%2010,82,Rockingham County ,91.04%,5.38%,1.83%,1.75%2011,82,Rockingham County ,91.34%,4.95%,1.68%,2.04%2012,82,Rockingham County ,91.23%,4.84%,2.03%,1.91%2013,82,Rockingham County ,92.41%,4.27%,1.68%,1.63%2014,82,Rockingham County ,92.79%,3.99%,1.55%,1.68%2015,82,Rockingham County ,93.80%,3.54%,1.15%,1.51%2010,83,Russell County ,87.29%,7.04%,2.92%,2.75%2011,83,Russell County ,85.86%,8.19%,2.97%,2.99%2012,83,Russell County ,87.73%,6.95%,2.31%,3.02%2013,83,Russell County ,84.75%,8.94%,2.99%,3.32%2014,83,Russell County ,80.53%,11.31%,4.25%,3.91%2015,83,Russell County ,81.30%,9.96%,4.46%,4.29%2010,84,Scott County ,90.07%,6.29%,2.12%,1.51%2011,84,Scott County ,90.00%,5.81%,2.17%,2.01%2012,84,Scott County ,89.80%,5.96%,2.14%,2.09%2013,84,Scott County ,89.97%,6.06%,1.87%,2.10%2014,84,Scott County ,88.80%,6.56%,2.40%,2.24%2015,84,Scott County ,88.60%,6.58%,2.45%,2.37%2010,85,Shenandoah County ,89.62%,6.50%,1.83%,2.05%2011,85,Shenandoah County ,90.57%,6.25%,1.53%,1.64%2012,85,Shenandoah County ,88.99%,6.94%,2.24%,1.82%2013,85,Shenandoah County ,90.17%,6.33%,1.50%,2.00%2014,85,Shenandoah County ,89.60%,6.08%,2.11%,2.21%2015,85,Shenandoah County ,88.17%,7.45%,2.09%,2.30%2010,86,Smyth County ,86.15%,7.98%,2.80%,3.06%2011,86,Smyth County ,86.04%,8.27%,3.08%,2.61%2012,86,Smyth County ,84.50%,8.30%,3.08%,4.13%2013,86,Smyth County ,84.94%,8.05%,3.15%,3.86%2014,86,Smyth County ,83.50%,8.83%,4.01%,3.67%2015,86,Smyth County ,83.40%,8.48%,3.45%,4.67%2010,87,Southampton County ,86.15%,7.25%,2.42%,4.19%2011,87,Southampton County ,87.07%,6.08%,3.14%,3.71%2012,87,Southampton County ,86.66%,7.42%,3.10%,2.83%2013,87,Southampton County ,88.54%,6.94%,1.84%,2.69%2014,87,Southampton County ,88.77%,5.49%,2.42%,3.32%2015,87,Southampton County ,87.74%,6.73%,2.96%,2.57%2010,88,Spotsylvania County ,86.34%,6.96%,2.82%,3.89%2011,88,Spotsylvania County ,87.17%,6.16%,2.71%,3.96%2012,88,Spotsylvania County ,87.15%,6.67%,2.60%,3.58%2013,88,Spotsylvania County ,88.33%,6.30%,2.20%,3.16%2014,88,Spotsylvania County ,89.24%,5.67%,2.38%,2.71%2015,88,Spotsylvania County ,87.15%,6.33%,2.88%,3.64%2010,89,Stafford County ,89.05%,6.05%,2.21%,2.68%2011,89,Stafford County ,90.02%,5.40%,2.04%,2.54%2012,89,Stafford County ,89.23%,5.74%,2.22%,2.81%2013,89,Stafford County ,93.36%,3.78%,1.34%,1.52%2014,89,Stafford County ,95.47%,2.87%,0.84%,0.82%2015,89,Stafford County ,91.26%,5.03%,1.66%,2.05%2010,90,Surry County ,90.04%,4.25%,2.49%,3.22%2011,90,Surry County ,90.40%,4.53%,1.73%,3.34%2012,90,Surry County ,89.13%,6.48%,1.87%,2.52%2013,90,Surry County ,90.30%,4.42%,2.05%,3.23%2014,90,Surry County ,89.80%,4.93%,2.24%,3.03%2015,90,Surry County ,90.07%,4.96%,2.36%,2.60%2010,91,Sussex County ,80.53%,10.36%,4.17%,4.95%2011,91,Sussex County ,80.45%,10.10%,3.63%,5.82%2012,91,Sussex County ,76.11%,12.31%,5.34%,6.23%2013,91,Sussex County ,78.14%,10.56%,3.91%,7.40%2014,91,Sussex County ,79.83%,9.32%,5.34%,5.51%2015,91,Sussex County ,79.50%,10.38%,3.90%,6.21%2010,92,Tazewell County ,76.48%,11.69%,5.15%,6.69%2011,92,Tazewell County ,77.04%,12.48%,4.97%,5.50%2012,92,Tazewell County ,76.48%,12.68%,4.85%,5.98%2013,92,Tazewell County ,80.62%,10.75%,3.88%,4.75%2014,92,Tazewell County ,77.99%,12.84%,3.70%,5.47%2015,92,Tazewell County ,80.28%,10.26%,4.29%,5.16%2010,93,Warren County ,77.92%,10.46%,4.71%,6.91%2011,93,Warren County ,78.59%,10.49%,4.90%,6.02%2012,93,Warren County ,78.59%,10.97%,4.35%,6.09%2013,93,Warren County ,82.83%,9.15%,3.48%,4.54%2014,93,Warren County ,81.11%,9.59%,4.29%,5.01%2015,93,Warren County ,81.50%,9.57%,3.80%,5.14%2010,94,Washington County ,87.31%,6.85%,2.84%,3.00%2011,94,Washington County ,86.83%,7.03%,2.78%,3.36%2012,94,Washington County ,86.05%,7.93%,3.14%,2.87%2013,94,Washington County ,88.60%,6.06%,2.17%,3.18%2014,94,Washington County ,88.23%,6.67%,2.27%,2.84%2015,94,Washington County ,87.55%,6.77%,2.56%,3.12%2010,95,Westmoreland County ,87.37%,5.05%,1.70%,5.88%2011,95,Westmoreland County ,90.09%,4.64%,1.89%,3.38%2012,95,Westmoreland County ,85.03%,7.66%,2.55%,4.76%2013,95,Westmoreland County ,89.87%,4.31%,2.15%,3.67%2014,95,Westmoreland County ,86.95%,6.55%,1.84%,4.66%2015,95,Westmoreland County ,81.92%,10.04%,3.37%,4.68%2010,96,Wise County ,83.87%,9.04%,3.14%,3.95%2011,96,Wise County ,84.99%,8.08%,3.07%,3.87%2012,96,Wise County ,82.86%,9.58%,3.49%,4.07%2013,96,Wise County ,85.12%,8.76%,2.56%,3.56%2014,96,Wise County ,84.62%,8.43%,3.41%,3.54%2015,96,Wise County ,84.24%,8.90%,3.20%,3.66%2010,97,Wythe County ,86.30%,7.62%,2.54%,3.55%2011,97,Wythe County ,86.65%,7.34%,2.50%,3.51%2012,97,Wythe County ,85.41%,7.87%,3.24%,3.48%2013,97,Wythe County ,87.34%,7.60%,2.20%,2.87%2014,97,Wythe County ,87.19%,7.27%,2.48%,3.06%2015,97,Wythe County ,85.91%,7.83%,2.88%,3.38%2010,98,York County ,93.41%,3.90%,1.22%,1.47%2011,98,York County ,94.85%,3.22%,1.03%,0.91%2012,98,York County ,92.79%,4.65%,1.17%,1.39%2013,98,York County ,94.04%,3.54%,1.12%,1.31%2014,98,York County ,94.07%,3.54%,1.23%,1.16%2015,98,York County ,93.06%,3.98%,1.34%,1.62%2010,101,Alexandria City ,88.22%,6.15%,2.36%,3.27%2011,101,Alexandria City ,89.58%,5.34%,2.11%,2.97%2012,101,Alexandria City ,88.68%,5.86%,2.12%,3.34%2013,101,Alexandria City ,90.80%,4.97%,1.72%,2.50%2014,101,Alexandria City ,88.98%,5.74%,2.21%,3.07%2015,101,Alexandria City ,87.91%,6.00%,2.37%,3.73%2010,102,Bristol City ,77.45%,10.36%,4.46%,7.73%2011,102,Bristol City ,79.81%,8.57%,4.79%,6.83%2012,102,Bristol City ,77.00%,9.38%,4.85%,8.77%2013,102,Bristol City ,79.89%,8.66%,4.67%,6.78%2014,102,Bristol City ,79.99%,8.57%,4.86%,6.58%2015,102,Bristol City ,76.91%,9.25%,5.10%,8.74%2010,103,Buena Vista City ,82.68%,8.83%,3.48%,5.01%2011,103,Buena Vista City ,87.84%,6.35%,2.40%,3.41%2012,103,Buena Vista City ,83.67%,9.18%,3.25%,3.90%2013,103,Buena Vista City ,88.31%,7.27%,2.49%,1.93%2014,103,Buena Vista City ,83.92%,7.34%,4.00%,4.74%2015,103,Buena Vista City ,84.39%,7.80%,3.08%,4.72%2010,104,Charlottesville City ,92.39%,3.93%,1.94%,1.74%2011,104,Charlottesville City ,91.98%,4.54%,1.44%,2.04%2012,104,Charlottesville City ,91.09%,5.12%,1.97%,1.81%2013,104,Charlottesville City ,91.77%,4.18%,1.69%,2.36%2014,104,Charlottesville City ,87.37%,5.77%,2.72%,4.14%2015,104,Charlottesville City ,87.14%,6.21%,2.59%,4.07%2010,106,Colonial Heights City ,86.19%,7.77%,2.56%,3.48%2011,106,Colonial Heights City ,89.75%,5.87%,1.87%,2.52%2012,106,Colonial Heights City ,88.20%,6.21%,2.07%,3.52%2013,106,Colonial Heights City ,88.56%,5.56%,2.58%,3.31%2014,106,Colonial Heights City ,88.50%,6.32%,2.51%,2.67%2015,106,Colonial Heights City ,88.07%,6.28%,2.62%,3.02%2010,107,Covington City ,82.91%,7.48%,3.10%,6.52%2011,107,Covington City ,87.26%,6.31%,1.99%,4.43%2012,107,Covington City ,84.66%,8.66%,2.61%,4.07%2013,107,Covington City ,83.05%,8.08%,3.45%,5.42%2014,107,Covington City ,85.04%,6.48%,3.79%,4.69%2015,107,Covington City ,81.76%,9.22%,3.43%,5.59%2010,108,Danville City ,81.47%,8.31%,4.15%,6.08%2011,108,Danville City ,83.10%,7.33%,3.40%,6.17%2012,108,Danville City ,82.14%,8.03%,3.83%,6.00%2013,108,Danville City ,83.49%,7.62%,3.08%,5.81%2014,108,Danville City ,83.61%,7.44%,3.62%,5.32%2015,108,Danville City ,82.87%,8.19%,3.47%,5.48%2010,109,Falls Church City ,95.84%,2.78%,0.49%,0.90%2011,109,Falls Church City ,96.48%,2.16%,0.62%,0.75%2012,109,Falls Church City ,95.42%,2.43%,1.34%,0.80%2013,109,Falls Church City ,95.65%,2.91%,0.60%,0.84%2014,109,Falls Church City ,95.25%,2.63%,0.82%,1.29%2015,109,Falls Church City ,96.07%,2.30%,0.74%,0.90%2010,110,Fredericksburg City ,89.03%,5.44%,2.22%,3.31%2011,110,Fredericksburg City ,90.12%,4.68%,2.06%,3.15%2012,110,Fredericksburg City ,90.79%,4.69%,1.24%,3.28%2013,110,Fredericksburg City ,92.01%,4.45%,1.46%,2.08%2014,110,Fredericksburg City ,91.30%,4.49%,1.68%,2.53%2015,110,Fredericksburg City ,92.41%,4.46%,1.52%,1.61%2010,111,Galax City ,91.74%,5.11%,1.80%,1.35%2011,111,Galax City ,89.36%,6.34%,1.89%,2.42%2012,111,Galax City ,88.94%,7.35%,2.00%,1.71%2013,111,Galax City ,91.39%,5.01%,1.65%,1.95%2014,111,Galax City ,86.76%,7.37%,2.41%,3.47%2015,111,Galax City ,85.01%,8.40%,3.84%,2.75%2010,112,Hampton City ,85.15%,7.13%,3.00%,4.72%2011,112,Hampton City ,86.31%,6.33%,2.97%,4.39%2012,112,Hampton City ,86.21%,6.95%,2.91%,3.93%2013,112,Hampton City ,86.31%,6.73%,2.88%,4.08%2014,112,Hampton City ,85.42%,6.60%,3.21%,4.77%2015,112,Hampton City ,84.30%,7.25%,3.12%,5.34%2010,113,Harrisonburg City ,85.91%,7.01%,2.83%,4.25%2011,113,Harrisonburg City ,86.22%,6.94%,2.81%,4.04%2012,113,Harrisonburg City ,86.85%,7.16%,2.85%,3.14%2013,113,Harrisonburg City ,86.46%,6.26%,3.17%,4.11%2014,113,Harrisonburg City ,86.98%,6.13%,2.67%,4.23%2015,113,Harrisonburg City ,85.63%,7.04%,2.77%,4.56%2010,114,Hopewell City ,92.49%,3.61%,1.88%,2.02%2011,114,Hopewell City ,91.83%,4.49%,1.74%,1.95%2012,114,Hopewell City ,93.06%,3.69%,1.20%,2.05%2013,114,Hopewell City ,94.01%,3.16%,1.11%,1.71%2014,114,Hopewell City ,93.55%,3.54%,1.20%,1.71%2015,114,Hopewell City ,94.24%,2.54%,1.18%,2.03%2010,115,Lynchburg City ,87.45%,6.83%,2.34%,3.38%2011,115,Lynchburg City ,89.87%,5.44%,2.23%,2.46%2012,115,Lynchburg City ,90.41%,5.60%,2.07%,1.93%2013,115,Lynchburg City ,87.29%,6.74%,2.59%,3.38%2014,115,Lynchburg City ,87.68%,6.67%,2.64%,3.01%2015,115,Lynchburg City ,87.67%,6.21%,2.84%,3.28%2010,116,Martinsville City ,90.03%,5.29%,2.42%,2.26%2011,116,Martinsville City ,89.19%,5.64%,2.37%,2.80%2012,116,Martinsville City ,89.95%,5.56%,2.33%,2.16%2013,116,Martinsville City ,83.46%,8.21%,2.84%,5.50%2014,116,Martinsville City ,81.62%,8.28%,4.06%,6.04%2015,116,Martinsville City ,79.81%,8.76%,4.29%,7.14%2010,117,Newport News City ,84.91%,7.26%,3.16%,4.67%2011,117,Newport News City ,85.90%,7.00%,2.77%,4.33%2012,117,Newport News City ,84.41%,7.74%,3.39%,4.46%2013,117,Newport News City ,85.72%,7.15%,3.01%,4.12%2014,117,Newport News City ,85.87%,6.78%,3.16%,4.19%2015,117,Newport News City ,83.83%,7.73%,3.42%,5.02%2010,118,Norfolk City ,84.94%,6.42%,2.65%,5.99%2011,118,Norfolk City ,85.70%,5.81%,2.61%,5.88%2012,118,Norfolk City ,85.64%,6.38%,2.77%,5.22%2013,118,Norfolk City ,86.29%,5.84%,2.65%,5.22%2014,118,Norfolk City ,84.52%,6.55%,2.69%,6.24%2015,118,Norfolk City ,82.52%,7.64%,3.34%,6.50%2010,119,Norton City ,87.29%,7.85%,3.31%,1.55%2011,119,Norton City ,87.21%,7.08%,3.07%,2.64%2012,119,Norton City ,81.59%,11.87%,2.94%,3.59%2013,119,Norton City ,90.32%,4.67%,2.45%,2.56%2014,119,Norton City ,81.19%,13.11%,3.19%,2.51%2015,119,Norton City ,81.90%,12.18%,2.78%,3.13%2010,120,Petersburg City ,73.29%,10.86%,5.37%,10.48%2011,120,Petersburg City ,75.99%,10.02%,5.02%,8.98%2012,120,Petersburg City ,75.50%,10.28%,5.24%,8.98%2013,120,Petersburg City ,75.90%,10.71%,4.79%,8.61%2014,120,Petersburg City ,78.07%,9.98%,4.13%,7.81%2015,120,Petersburg City ,79.07%,8.90%,4.52%,7.51%2010,121,Portsmouth City ,84.93%,6.79%,2.91%,5.37%2011,121,Portsmouth City ,85.30%,6.45%,2.88%,5.37%2012,121,Portsmouth City ,86.56%,6.45%,2.66%,4.32%2013,121,Portsmouth City ,86.20%,6.72%,2.97%,4.11%2014,121,Portsmouth City ,85.36%,6.74%,3.26%,4.64%2015,121,Portsmouth City ,84.16%,7.62%,3.38%,4.84%2010,122,Radford City ,88.88%,6.41%,1.83%,2.87%2011,122,Radford City ,87.50%,6.07%,2.55%,3.88%2012,122,Radford City ,88.90%,6.27%,1.61%,3.23%2013,122,Radford City ,90.36%,5.21%,1.82%,2.61%2014,122,Radford City ,90.29%,6.28%,1.60%,1.84%2015,122,Radford City ,88.51%,6.99%,1.95%,2.55%2010,123,Richmond City ,76.66%,9.01%,4.57%,9.77%2011,123,Richmond City ,78.71%,8.43%,4.30%,8.56%2012,123,Richmond City ,79.39%,8.18%,4.19%,8.25%2013,123,Richmond City ,80.54%,8.35%,3.58%,7.53%2014,123,Richmond City ,78.46%,8.78%,4.23%,8.53%2015,123,Richmond City ,77.34%,8.03%,4.57%,10.06%2010,124,Roanoke City ,81.76%,8.10%,3.80%,6.34%2011,124,Roanoke City ,80.39%,8.07%,4.07%,7.48%2012,124,Roanoke City ,81.97%,8.02%,3.76%,6.25%2013,124,Roanoke City ,80.45%,8.83%,4.14%,6.58%2014,124,Roanoke City ,80.56%,8.37%,4.27%,6.81%2015,124,Roanoke City ,81.19%,8.85%,3.78%,6.17%2010,126,Staunton City ,91.02%,5.19%,1.54%,2.25%2011,126,Staunton City ,92.03%,4.72%,1.01%,2.24%2012,126,Staunton City ,90.42%,5.02%,1.77%,2.79%2013,126,Staunton City ,89.21%,5.45%,2.51%,2.83%2014,126,Staunton City ,89.35%,4.85%,2.32%,3.48%2015,126,Staunton City ,89.65%,4.70%,2.06%,3.59%2010,127,Suffolk City ,89.50%,5.19%,2.13%,3.17%2011,127,Suffolk City ,90.08%,4.95%,1.89%,3.09%2012,127,Suffolk City ,89.58%,5.44%,2.13%,2.85%2013,127,Suffolk City ,90.02%,4.94%,1.99%,3.05%2014,127,Suffolk City ,89.13%,5.32%,2.25%,3.30%2015,127,Suffolk City ,88.09%,6.12%,2.56%,3.23%2010,128,Virginia Beach City ,91.39%,4.63%,1.55%,2.42%2011,128,Virginia Beach City ,92.50%,3.83%,1.44%,2.23%2012,128,Virginia Beach City ,91.55%,4.45%,1.60%,2.41%2013,128,Virginia Beach City ,91.61%,4.47%,1.50%,2.42%2014,128,Virginia Beach City ,91.69%,4.51%,1.52%,2.27%2015,128,Virginia Beach City ,91.00%,4.86%,1.68%,2.47%2010,130,Waynesboro City ,91.43%,4.46%,1.61%,2.50%2011,130,Waynesboro City ,89.62%,5.33%,2.08%,2.98%2012,130,Waynesboro City ,86.42%,7.57%,2.25%,3.75%2013,130,Waynesboro City ,88.88%,5.62%,2.17%,3.33%2014,130,Waynesboro City ,88.14%,6.41%,2.41%,3.04%2015,130,Waynesboro City ,87.36%,6.17%,2.67%,3.80%2010,131,Williamsburg-James City County ,89.02%,5.54%,2.18%,3.26%2011,131,Williamsburg-James City County ,89.66%,5.18%,2.01%,3.16%2012,131,Williamsburg-James City County ,88.59%,6.25%,2.21%,2.96%2013,131,Williamsburg-James City County ,90.51%,4.81%,2.07%,2.61%2014,131,Williamsburg-James City County ,90.29%,4.80%,2.13%,2.78%2015,131,Williamsburg-James City County ,88.82%,5.59%,2.32%,3.27%2010,132,Winchester City ,82.18%,7.99%,4.01%,5.82%2011,132,Winchester City ,84.85%,7.72%,3.62%,3.80%2012,132,Winchester City ,85.12%,7.74%,3.16%,3.99%2013,132,Winchester City ,86.24%,7.18%,3.50%,3.08%2014,132,Winchester City ,86.06%,7.51%,3.23%,3.21%2015,132,Winchester City ,85.96%,7.03%,3.17%,3.84%2010,135,Franklin City ,89.16%,6.20%,2.01%,2.63%2011,135,Franklin City ,88.57%,6.48%,2.06%,2.90%2012,135,Franklin City ,88.78%,6.36%,2.43%,2.43%2013,135,Franklin City ,93.53%,3.87%,1.26%,1.34%2014,135,Franklin City ,90.86%,4.77%,2.34%,2.02%2015,135,Franklin City ,88.72%,6.19%,1.78%,3.31%2010,136,Chesapeake City ,92.40%,4.28%,1.30%,2.03%2011,136,Chesapeake City ,93.31%,3.61%,1.18%,1.90%2012,136,Chesapeake City ,92.82%,4.13%,1.33%,1.72%2013,136,Chesapeake City ,93.10%,3.83%,1.22%,1.84%2014,136,Chesapeake City ,92.50%,4.06%,1.47%,1.97%2015,136,Chesapeake City ,91.88%,4.33%,1.62%,2.17%2010,137,Lexington City ,97.54%,1.64%,0.41%,0.41%2011,137,Lexington City ,95.71%,3.04%,0.36%,0.89%2012,137,Lexington City ,95.72%,2.29%,0.92%,1.07%2013,137,Lexington City ,94.10%,3.83%,0.64%,1.44%2014,137,Lexington City ,94.28%,3.94%,0.79%,0.99%2015,137,Lexington City ,95.29%,3.73%,0.78%,0.20%2010,139,Salem City ,91.55%,4.34%,1.51%,2.59%2011,139,Salem City ,92.68%,4.18%,1.44%,1.69%2012,139,Salem City ,89.68%,5.58%,1.85%,2.89%2013,139,Salem City ,91.67%,4.49%,1.36%,2.48%2014,139,Salem City ,91.76%,4.47%,1.55%,2.22%2015,139,Salem City ,92.37%,4.24%,1.04%,2.35%2010,142,Poquoson City ,94.49%,3.44%,0.87%,1.20%2011,142,Poquoson City ,94.95%,3.22%,0.83%,1.00%2012,142,Poquoson City ,93.93%,4.12%,1.02%,0.93%2013,142,Poquoson City ,95.72%,2.78%,0.73%,0.77%2014,142,Poquoson City ,95.15%,3.23%,1.02%,0.60%2015,142,Poquoson City ,94.06%,3.31%,1.38%,1.24%2010,143,Manassas City ,88.16%,6.06%,2.47%,3.31%2011,143,Manassas City ,88.51%,5.98%,2.42%,3.09%2012,143,Manassas City ,87.29%,6.82%,2.59%,3.31%2013,143,Manassas City ,88.82%,5.89%,2.23%,3.06%2014,143,Manassas City ,85.21%,6.66%,3.19%,4.94%2015,143,Manassas City ,85.49%,6.25%,3.01%,5.25%2010,144,Manassas Park City ,89.14%,6.30%,2.13%,2.42%2011,144,Manassas Park City ,91.44%,5.61%,1.60%,1.35%2012,144,Manassas Park City ,91.66%,5.08%,1.57%,1.69%2013,144,Manassas Park City ,91.93%,4.95%,1.86%,1.27%2014,144,Manassas Park City ,91.53%,4.98%,1.67%,1.81%2015,144,Manassas Park City ,90.38%,5.96%,1.37%,2.30%2010,202,Colonial Beach ,93.12%,3.36%,1.12%,2.40%2011,202,Colonial Beach ,89.52%,4.62%,1.85%,4.01%2012,202,Colonial Beach ,86.30%,5.72%,1.96%,6.02%2013,202,Colonial Beach ,88.94%,7.97%,1.63%,1.46%2014,202,Colonial Beach ,90.66%,3.70%,2.25%,3.38%2015,202,Colonial Beach ,92.63%,4.55%,2.19%,0.63%2010,207,West Point ,87.25%,7.20%,3.66%,1.89%2011,207,West Point ,87.48%,7.02%,2.17%,3.32%2012,207,West Point ,88.52%,6.43%,2.90%,2.14%2013,207,West Point ,89.77%,7.02%,1.43%,1.78%2014,207,West Point ,88.49%,7.67%,2.10%,1.73%2015,207,West Point ,88.29%,6.42%,2.90%,2.39%,,,,,